success;ov;gen;runtime
false;5;100000;1835
